2 100 5
1 1 1
2 1 5
3 0 5
4 4 5
5 5 5
6 3 5
7 2 5
8 2 5
9 1 5
10 1 5
11 1 5
12 1 6
13 2 6
14 3 6
15 3 7
16 1 5
17 1 4
18 1 3
19 1 2
20 2 1
21 3 2
22 4 3
23 5 4
24 3 5
25 2 6
26 2 7
27 2 5
28 2 5
29 2 4
30 2 3
31 2 3
32 6 1
33 6 2
34 7 2
35 7 3
36 7 3
37 1 3
38 1 3
39 1 3
40 1 5
41 1 6
42 1 6
43 2 7
44 4 6
45 2 5
46 2 4
47 2 2
48 2 1
49 2 2
50 2 1
51 2 1
52 2 1
53 2 1
54 2 2
55 2 3
56 3 4
57 3 3
58 3 5
59 5 4
60 5 3
61 5 3
62 6 3
63 4 3
64 4 3
65 4 5
66 5 6
67 5 7
68 5 8
69 5 7
70 6 7
71 7 7
72 8 7
73 2 7
74 2 7
75 2 9
76 2 9
77 3 9
78 4 9
79 5 5
80 2 4
81 1 4
82 2 4
83 2 4
84 3 4
85 2 4
86 3 4
87 4 4
88 5 4
89 6 4
90 3 6 
91 2 5
92 1 5
93 2 5
94 3 5
95 4 5
96 2 5
97 2 4 
98 2 4
99 2 3
100 1 3